0.053
0.063
0.06
0.075
0.077
0.098
0.099
0.09
0.125
0.144
0.136
0.152
0.162
0.212
0.183
0.226
0.252
0.272
0.288
0.29
0.316
0.294
0.347
0.361
0.404
0.412
0.44
0.43
0.474
0.522
0.56
0.558
0.56
0.583
0.625
0.654
0.659
0.698
0.698
0.723
0.727
0.757
0.796
0.792
0.791
0.814
0.813
0.853
0.852
0.874
0.873
0.895
0.918
0.912
0.914
0.929
0.948
0.955
0.945
0.942
0.965
0.961
0.961
0.972
0.977
0.968
0.985
0.98
0.991
0.984
0.982
0.989
0.989
0.994
0.994
0.991
0.991
0.998
0.996
0.999
0.998
0.997
0.997
0.999
0.997
0.998
0.997
1
1
0.999
0.999
0.999
0.999
1
0.999
0.999
0.999
1
0.999
0.999
1
